XR01

&b
°
2 28 10 0.1 1 0 0 1 0 0 0 0 0 0 0 1

n&l
pm
20 100 10 0 1 0 0 1 0 0 0 0 0 0 0 1

E
keV
5 40 10 0 1 0 0 0 0 0 0 0 0 0 0 1

R
1/s
-0.0001 238.9801 100 0 1 0 0 1 0 0 1 0 0 0 0 1
1 231
2.4	
2.2	
2.4	
2	
1.4	
2.2	
2.2	
4	
3.8	
4.8	
4	
1.8	
5	
4	
11	
18.8	
33.4	
46.6	
50.8	
56	
44	
36.2	
39.8	
34	
35.4	
35.8	
31.8	
33.8	
29.6	
30.2	
31.2	
35.4	
33.4	
34.2	
30	
30.6	
30.8	
35.2	
35.8	
30.4	
36.6	
38	
50.8	
70.4	
79.8	
48	
38.6	
39.8	
38.4	
47.6	
120.6	
177.8	
227.6	
112	
41.4	
36.2	
37.2	
37.2	
34.4	
40	
32	
30.8	
27.4	
27.2	
23.8	
24.6	
22.8	
25.6	
21	
21.2	
19.2	
18.2	
18.6	
19	
13.4	
13.8	
12.8	
14.8	
13.2	
11.2	
11	
12	
13	
14.4	
11.6	
11.2	
14.6	
11.8	
11.6	
13.6	
15	
14.4	
12.4	
14.2	
12.4	
17.2	
16.6	
15.8	
15.2	
21.4	
11	
16.4	
16.2	
13.4	
11.4	
13.2	
15.2	
13.8	
14.8	
18	
17.6	
15.4	
14.6	
13.2	
14.6	
14	
13.4	
12.4	
11.6	
10.6	
13.2	
11.8	
12.2	
19.8	
27	
37	
28.8	
16.2	
16	
12	
10.8	
9.8	
8.8	
11.2	
11	
8.8	
6.8	
9.6	
9.4	
10.2	
9.2	
10.6	
9.2	
9.6	
10	
8	
7.8	
9.4	
10.8	
8.4	
6.6	
10.2	
7.8	
7.4	
7.6	
10.4	
7.8	
9.6	
8.2	
9	
7.4	
6.8	
5.2	
7.6	
7.6	
7.6	
7.2	
8.6	
7.4	
8.4	
6.8	
9	
8.2	
6.4	
9.8	
7.8	
10.8	
11	
5.8	
5.6	
6.4	
9.2	
6.2	
6.8	
6.6	
7	
4.4	
5.6	
7.8	
7	
6.6	
6	
4.2	
5.8	
6.8	
5.4	
6.6	
6.6	
7.6	
7.4	
6.4	
11.8	
12.8	
7.8	
9	
6.8	
7.2	
6	
5.8	
6.8	
9	
7	
6.8	
6.8	
5	
5.4	
4.4	
4.6	
5.8	
4.4	
5.8	
4.2	
8	
4	
2.8	
3.8	
4.6	
2.4	
5.2	
3.4	
3.8	
35 35 1 5 0.1
0 0 0
2 0
2 0
0 1 0 1
0 1 0 1
0 1 0 1
0 1 0 1
0
91712 
12
13 0 C0 0 3 7.153956522 0.09342282482
13 0 C0 0 3 6.343775934 0.08504731171
0 -1 C0 0 3 S14 7.418622256 227.2423692 1:    K_&a:   &b =  7,15 °,   &s = 0,09 °
0 -1 C0 0 3 S14 1.17335352 87.09386287 1:   K_&b:   &b =  6,34 °,   &s = 0,09 °
13 0 C0 0 3 12.96376812 0.06696530465
0 -1 C0 0 3 S14 13.02043906 94.84076523 2:   K_&b   &b =  12,96 °,   &s = 0,07 °
13 0 C0 0 3 14.50941828 0.1255235886
13 0 C0 0 3 19.65528455 0.04971995074
0 -1 C0 0 3 S14 19.77668433 57.04527191 3:   K_&b   &b =  19,66 °,   &s = 0,05 °
13 0 C0 0 3 22.21788618 0.0892903552
0 -1 C0 0 3 S14 22.10749432 87.5633721 3:   K_&a    &b =  22,22 °,   &s = 0,09 °
0 -1 C0 0 3 S14 14.75246026 116.43819 2:   K_&a   &b =  14,51 °,   &s = 0,13 °
